645 645
3
0 0 60 60
500 500
10 10 40 40
0 0
5 0 20
0 0 0 0
-10 -10
0
0 0 0 0
-15 -30
0
19.5 70
0
P1
735 448.001
3
240 0 60 60
500 500
10 10 40 40
0 0
0 0 0
0 1 0 0
-10 -10
0
0 0 0 0
-15 -30
0
19 70
0
P2
0 0
2
0 0
1
0 0 0
20 -17.3906
1
0 0 69 48
59 38
0
x0
0 0
1
0 0 0
110 -17.3906
1
0 0 72 48
62 38
0
x0
1220 0
2
0 0
1
0 0 0
20 -17.3906
1
0 0 69 48
59 38
0
x0
0 0
1
0 0 0
110 -17.3906
1
0 0 72 48
62 38
0
x0
0 0
12
12
32 32 32 32 35 32 35 35 34 32 32 32
1
0 810
4
18
0
0
0 0
16
0 0
0
360 0 90 90
90 0
0
0 0 90 90
180 0
0
0 0 90 90
270 0
0
0 0 90 90
360 0
0
270 0 90 90
450 0
0
0 0 90 90
540 0
0
0 0 90 90
630 0
0
0 0 90 90
720 0
0
0 0 90 90
810 0
0
0 0 90 90
900 0
0
0 0 90 90
990 0
0
360 0 90 90
1080 0
0
0 0 90 90
1170 0
0
0 0 90 90
1260 0
0
0 0 90 90
1350 0
0
180 0 90 90
0 0
0
0 0
0
0 0
18
-90 0
0
0 5
0 0
0 0
0
0 5
0 0
90 0
0
0 5
0 0
180 0
0
0 5
0 0
270 0
0
0 5
0 0
360 0
0
0 5
0 0
450 0
0
0 5
0 0
540 0
0
0 5
0 0
630 0
0
0 5
0 0
720 0
0
0 5
0 0
810 0
0
0 5
0 0
900 0
0
0 5
0 0
990 0
0
0 5
0 0
1080 0
0
0 5
0 0
1170 0
0
0 5
0 0
1260 0
0
0 5
0 0
1350 0
0
0 5
0 0
1440 0
0
0 5
0 0
0 720
4
18
0
0
0 0
16
0 0
0
0 0 90 90
90 0
0
0 0 90 90
180 0
0
90 0 90 90
270 0
0
0 0 90 90
360 0
0
360 0 90 90
450 0
0
0 0 90 90
540 0
0
360 0 90 90
630 0
0
0 0 90 90
720 0
0
0 0 90 90
810 0
0
0 0 90 90
900 0
0
0 0 90 90
990 0
0
0 0 90 90
1080 0
0
0 0 90 90
1170 0
0
90 0 90 90
1260 0
0
0 0 90 90
1350 0
0
0 0 90 90
0 0
0
0 0
0
0 0
18
-90 0
0
0 5
0 0
0 0
0
0 5
0 0
90 0
0
0 5
0 0
180 0
0
0 5
0 0
270 0
0
0 5
0 0
360 0
0
0 5
0 0
450 0
0
0 5
0 0
540 0
0
0 5
0 0
630 0
0
0 5
0 0
720 0
0
0 5
0 0
810 0
0
0 5
0 0
900 0
0
0 5
0 0
990 0
0
0 5
0 0
1080 0
0
0 5
0 0
1170 0
0
0 5
0 0
1260 0
0
0 5
0 0
1350 0
0
0 5
0 0
1440 0
0
0 5
0 0
0 630
4
18
0
0
0 0
16
0 0
0
0 0 90 90
90 0
0
0 0 90 90
180 0
0
0 0 90 90
270 0
0
0 0 90 90
360 0
0
0 0 90 90
450 0
0
0 0 90 90
540 0
0
90 0 90 90
630 0
0
360 0 90 90
720 0
0
270 0 90 90
810 0
0
0 0 90 90
900 0
0
360 0 90 90
990 0
0
0 0 90 90
1080 0
0
0 0 90 90
1170 0
0
0 0 90 90
1260 0
0
360 0 90 90
1350 0
0
360 0 90 90
0 0
0
0 0
0
0 0
18
-90 0
0
0 5
0 0
0 0
0
0 5
0 0
90 0
0
0 5
0 0
180 0
0
0 5
0 0
270 0
0
0 5
0 0
360 0
0
0 5
0 0
450 0
0
0 5
0 0
540 0
0
0 5
0 0
630 0
0
0 5
0 0
720 0
0
0 5
0 0
810 0
0
0 5
0 0
900 0
0
0 5
0 0
990 0
0
0 5
0 0
1080 0
0
0 5
0 0
1170 0
0
0 5
0 0
1260 0
0
0 5
0 0
1350 0
0
0 5
0 0
1440 0
0
0 5
0 0
0 540
4
18
0
0
0 0
16
0 0
0
0 0 90 90
90 0
0
90 0 90 90
180 0
0
0 0 90 90
270 0
0
0 0 90 90
360 0
0
0 0 90 90
450 0
0
0 0 90 90
540 0
0
360 0 90 90
630 0
0
0 0 90 90
720 0
0
270 0 90 90
810 0
0
360 0 90 90
900 0
0
270 0 90 90
990 0
0
0 0 90 90
1080 0
0
360 0 90 90
1170 0
0
0 0 90 90
1260 0
0
270 0 90 90
1350 0
0
0 0 90 90
0 0
0
0 0
0
0 0
18
-90 0
0
0 5
0 0
0 0
0
0 5
0 0
90 0
0
0 5
0 0
180 0
0
0 5
0 0
270 0
0
0 5
0 0
360 0
0
0 5
0 0
450 0
0
0 5
0 0
540 0
0
0 5
0 0
630 0
0
0 5
0 0
720 0
0
0 5
0 0
810 0
0
0 5
0 0
900 0
0
0 5
0 0
990 0
0
0 5
0 0
1080 0
0
0 5
0 0
1170 0
0
0 5
0 0
1260 0
0
0 5
0 0
1350 0
0
0 5
0 0
1440 0
0
0 5
0 0
0 450
4
18
18 3
2
233.875 0
0 8
0 0
16
0 0
0
0 0 90 90
90 0
0
0 0 90 90
180 0
0
0 0 90 90
270 0
0
0 0 90 90
360 0
0
0 0 90 90
450 0
0
0 0 90 90
540 0
0
0 0 90 90
630 0
0
0 0 90 90
720 0
0
0 0 90 90
810 0
0
0 0 90 90
900 0
0
0 0 90 90
990 0
0
0 0 90 90
1080 0
0
0 0 90 90
1170 0
0
0 0 90 90
1260 0
0
0 0 90 90
1350 0
0
0 0 90 90
0 0
2
1440 5
0
0 0 110 80
0 0
10 10 90 60
3
703.937 5
0
0 0 110 80
0 0
10 10 90 60
3
0 0
1
90 0
0
0 0 35 90
0 1.37074
0 0
18
-90 0
0
0 5
0 0
0 0
0
0 5
0 0
90 0
0
0 5
0 0
180 0
0
0 5
0 0
270 0
0
0 5
0 0
360 0
0
0 5
0 0
450 0
0
0 5
0 0
540 0
0
0 5
0 0
630 0
0
0 5
0 0
720 0
0
0 5
0 0
810 0
0
0 5
0 0
900 0
0
0 5
0 0
990 0
0
0 5
0 0
1080 0
0
0 5
0 0
1170 0
0
0 5
0 0
1260 0
0
0 5
0 0
1350 0
0
0 5
0 0
1440 0
0
0 5
0 0
0 360
6
18
1
24
1
21
0 0
16
0 0
0
0 0 90 90
90 0
0
0 0 90 90
180 0
0
0 0 90 90
270 0
0
0 0 90 90
360 0
0
0 0 90 90
450 0
0
270 0 90 90
540 0
0
90 0 90 90
630 0
0
90 0 90 90
720 0
0
0 0 90 90
810 0
0
0 0 90 90
900 0
0
0 0 90 90
990 0
0
0 0 90 90
1080 0
0
0 0 90 90
1170 0
0
0 0 90 90
1260 0
0
0 0 90 90
1350 0
0
270 0 90 90
0 0
0
0 0
0
0 0
18
-90 0
0
0 5
0 0
0 0
0
0 5
0 0
90 0
0
0 5
0 0
180 0
0
0 5
0 0
270 0
0
0 5
0 0
360 0
0
0 5
0 0
450 0
0
0 5
0 0
540 0
0
0 5
0 0
630 0
0
0 5
0 0
720 0
0
0 5
0 0
810 0
0
0 5
0 0
900 0
0
0 5
0 0
990 0
0
0 5
0 0
1080 0
0
0 5
0 0
1170 0
0
0 5
0 0
1260 0
0
0 5
0 0
1350 0
0
0 5
0 0
1440 0
0
0 5
0 0
1365 15
0
0 0 60 60
0 0
10 10 40 45
561 21
0
0 0 48 48
0 0
0 0 48 48
0 270
4
18
14 2
3
234.603 0
0 7
0 0
16
0 0
0
0 0 90 90
90 0
0
0 0 90 90
180 0
0
0 0 90 90
270 0
0
0 0 90 90
360 0
0
0 0 90 90
450 0
0
0 0 90 90
540 0
0
0 0 90 90
630 0
0
0 0 90 90
720 0
0
0 0 90 90
810 0
0
0 0 90 90
900 0
0
0 0 90 90
990 0
0
0 0 90 90
1080 0
0
0 0 90 90
1170 0
0
0 0 90 90
1260 0
0
0 0 90 90
1350 0
0
0 0 90 90
0 0
3
-250 0
0
250 0 -250 90
0 0
10 10 230 70
2
716.051 0
0
250 0 -250 90
0 0
10 10 230 70
2
1056.05 0
0
250 0 -250 90
0 0
10 10 230 70
2
0 0
1
90 0
0
0 0 35 90
0 1.37074
0 0
18
-90 0
0
0 5
0 0
0 0
0
0 5
0 0
90 0
0
0 5
0 0
180 0
0
0 5
0 0
270 0
0
0 5
0 0
360 0
0
0 5
0 0
450 0
0
0 5
0 0
540 0
0
0 5
0 0
630 0
0
0 5
0 0
720 0
0
0 5
0 0
810 0
0
0 5
0 0
900 0
0
0 5
0 0
990 0
0
0 5
0 0
1080 0
0
0 5
0 0
1170 0
0
0 5
0 0
1260 0
0
0 5
0 0
1350 0
0
0 5
0 0
1440 0
0
0 5
0 0
0 180
4
18
14 3
1
147.949 0
1 10
0 0
16
0 0
0
0 0 90 90
90 0
0
0 0 90 90
180 0
0
0 0 90 90
270 0
0
0 0 90 90
360 0
0
0 0 90 90
450 0
0
0 0 90 90
540 0
0
0 0 90 90
630 0
0
0 0 90 90
720 0
0
0 0 90 90
810 0
0
0 0 90 90
900 0
0
0 0 90 90
990 0
0
0 0 90 90
1080 0
0
0 0 90 90
1170 0
0
0 0 90 90
1260 0
0
0 0 90 90
1350 0
0
0 0 90 90
0 0
1
762.804 0
0
0 0 250 90
147.949 0
10 10 230 70
3
0 0
1
90 0
0
70 0 35 90
2 1.37074
0 0
18
-90 0
0
0 5
0 0
0 0
0
0 5
0 0
90 0
0
0 5
0 0
180 0
0
0 5
0 0
270 0
0
0 5
0 0
360 0
0
0 5
0 0
450 0
0
0 5
0 0
540 0
0
0 5
0 0
630 0
0
0 5
0 0
720 0
0
0 5
0 0
810 0
0
0 5
0 0
900 0
0
0 5
0 0
990 0
0
0 5
0 0
1080 0
0
0 5
0 0
1170 0
0
0 5
0 0
1260 0
0
0 5
0 0
1350 0
0
0 5
0 0
1440 0
0
0 5
0 0
0 90
4
18
3
1821.93 0
5.00801
0
0 0
16
0 0
0
180 0 90 90
90 0
0
0 0 90 90
180 0
0
0 0 90 90
270 0
0
0 0 90 90
360 0
0
0 0 90 90
450 0
0
360 0 90 90
540 0
0
0 0 90 90
630 0
0
0 0 90 90
720 0
0
270 0 90 90
810 0
0
0 0 90 90
900 0
0
0 0 90 90
990 0
0
360 0 90 90
1080 0
0
0 0 90 90
1170 0
0
0 0 90 90
1260 0
0
0 0 90 90
1350 0
0
0 0 90 90
0 0
0
0 0
1
694 0
0
52 0 52 90
0 0
18
-90 0
0
0 5
0 0
0 0
0
0 5
0 0
90 0
0
0 5
0 0
180 0
0
0 5
0 0
270 0
0
0 5
0 0
360 0
0
0 5
0 0
450 0
0
0 5
0 0
540 0
0
0 5
0 0
630 0
0
0 5
0 0
720 0
0
0 5
0 0
810 0
0
0 5
0 0
900 0
0
0 5
0 0
990 0
0
0 5
0 0
1080 0
0
0 5
0 0
1170 0
0
0 5
0 0
1260 0
0
0 5
0 0
1350 0
0
0 5
0 0
1440 0
0
0 5
0 0
0 0
5
18
0
1
21
0 0
16
0 0
0
0 0 90 90
90 0
0
0 0 90 90
180 0
0
0 0 90 90
270 0
0
0 0 90 90
360 0
0
270 0 90 90
450 0
0
0 0 90 90
540 0
0
0 0 90 90
630 0
0
0 0 90 90
720 0
0
0 0 90 90
810 0
0
0 0 90 90
900 0
0
360 0 90 90
990 0
0
0 0 90 90
1080 0
0
0 0 90 90
1170 0
0
0 0 90 90
1260 0
0
0 0 90 90
1350 0
0
270 0 90 90
0 0
0
0 0
0
0 0
18
-90 0
0
0 5
0 0
0 0
0
0 5
0 0
90 0
0
0 5
0 0
180 0
0
0 5
0 0
270 0
0
0 5
0 0
360 0
0
0 5
0 0
450 0
0
0 5
0 0
540 0
0
0 5
0 0
630 0
0
0 5
0 0
720 0
0
0 5
0 0
810 0
0
0 5
0 0
900 0
0
0 5
0 0
990 0
0
0 5
0 0
1080 0
0
0 5
0 0
1170 0
0
0 5
0 0
1260 0
0
0 5
0 0
1350 0
0
0 5
0 0
1440 0
0
0 5
0 0
561 21
0
0 0 48 48
0 0
0 0 48 48
0 -90
5
18
0
1
21
0 0
16
0 0
0
90 0 90 90
90 0
0
270 0 90 90
180 0
0
0 0 90 90
270 0
0
0 0 90 90
360 0
0
0 0 90 90
450 0
0
0 0 90 90
540 0
0
270 0 90 90
630 0
0
180 0 90 90
720 0
0
180 0 90 90
810 0
0
270 0 90 90
900 0
0
0 0 90 90
990 0
0
0 0 90 90
1080 0
0
180 0 90 90
1170 0
0
360 0 90 90
1260 0
0
0 0 90 90
1350 0
0
270 0 90 90
0 0
0
0 0
0
0 0
18
-90 0
0
0 5
0 0
0 0
0
0 5
0 0
90 0
0
0 5
0 0
180 0
0
0 5
0 0
270 0
0
0 5
0 0
360 0
0
0 5
0 0
450 0
0
0 5
0 0
540 0
0
0 5
0 0
630 0
0
0 5
0 0
720 0
0
0 5
0 0
810 0
0
0 5
0 0
900 0
0
0 5
0 0
990 0
0
0 5
0 0
1080 0
0
0 5
0 0
1170 0
0
0 5
0 0
1260 0
0
0 5
0 0
1350 0
0
0 5
0 0
1440 0
0
0 5
0 0
1281 21
0
0 0 48 48
0 0
0 0 48 48
0 -180
7
18
3
25 25 25
0
0 0
16
0 0
0
0 0 90 90
90 0
0
270 0 90 90
180 0
0
0 0 90 90
270 0
0
0 0 90 90
360 0
0
0 0 90 90
450 0
0
0 0 90 90
540 0
0
0 0 90 90
630 0
0
0 0 90 90
720 0
0
0 0 90 90
810 0
0
0 0 90 90
900 0
0
0 0 90 90
990 0
0
0 0 90 90
1080 0
0
0 0 90 90
1170 0
0
0 0 90 90
1260 0
0
270 0 90 90
1350 0
0
0 0 90 90
0 0
0
0 0
0
0 0
18
-90 0
0
0 5
0 0
0 0
0
0 5
0 0
90 0
0
0 5
0 0
180 0
0
0 5
0 0
270 0
0
0 5
0 0
360 0
0
0 5
0 0
450 0
0
0 5
0 0
540 0
0
0 5
0 0
630 0
0
0 5
0 0
720 0
0
0 5
0 0
810 0
0
0 5
0 0
900 0
0
0 5
0 0
990 0
0
0 5
0 0
1080 0
0
0 5
0 0
1170 0
0
0 5
0 0
1260 0
0
0 5
0 0
1350 0
0
0 5
0 0
1440 0
0
0 5
0 0
990 0
0
0 0 90 90
0 0
10 10 70 70
1170 0
0
0 0 90 90
0 0
10 10 70 70
1260 0
0
0 0 90 90
0 0
10 10 70 70
1 1.02 0
