645 645
2
0 0 60 60
500 500
10 10 40 40
0 0
5 0 100
0 0 0 0
-10 -10
0
0 0 0 0
-15 -30
0
0 0
2
0 0
1
0 0 0
20 20
1
0 0 69 48
59 38
0
x0
0 0
1
0 0 0
110 20
1
0 0 72 48
62 38
0
x0
0 0
1
645 0
1295 10
0
Score: 7
0 0
11
11
32 32 32 32 32 35 33 35 34 33 35
0
0 810
4
18
0
0
0 0
16
0 0
0
90 0 90 90
90 0
0
0 0 90 90
180 0
0
0 0 90 90
270 0
0
0 0 90 90
360 0
0
180 0 90 90
450 0
0
0 0 90 90
540 0
0
0 0 90 90
630 0
0
90 0 90 90
720 0
0
360 0 90 90
810 0
0
360 0 90 90
900 0
0
0 0 90 90
990 0
0
360 0 90 90
1080 0
0
0 0 90 90
1170 0
0
0 0 90 90
1260 0
0
360 0 90 90
1350 0
0
0 0 90 90
0 0
0
0 0
0
0 0
18
-90 0
0
0 5
0 0
0 0
0
0 5
0 0
90 0
0
0 5
0 0
180 0
0
0 5
0 0
270 0
0
0 5
0 0
360 0
0
0 5
0 0
450 0
0
0 5
0 0
540 0
0
0 5
0 0
630 0
0
0 5
0 0
720 0
0
0 5
0 0
810 0
0
0 5
0 0
900 0
0
0 5
0 0
990 0
0
0 5
0 0
1080 0
0
0 5
0 0
1170 0
0
0 5
0 0
1260 0
0
0 5
0 0
1350 0
0
0 5
0 0
1440 0
0
0 5
0 0
0 720
4
18
0
0
0 0
16
0 0
0
270 0 90 90
90 0
0
0 0 90 90
180 0
0
0 0 90 90
270 0
0
0 0 90 90
360 0
0
360 0 90 90
450 0
0
0 0 90 90
540 0
0
0 0 90 90
630 0
0
0 0 90 90
720 0
0
90 0 90 90
810 0
0
0 0 90 90
900 0
0
0 0 90 90
990 0
0
0 0 90 90
1080 0
0
270 0 90 90
1170 0
0
180 0 90 90
1260 0
0
0 0 90 90
1350 0
0
0 0 90 90
0 0
0
0 0
0
0 0
18
-90 0
0
0 5
0 0
0 0
0
0 5
0 0
90 0
0
0 5
0 0
180 0
0
0 5
0 0
270 0
0
0 5
0 0
360 0
0
0 5
0 0
450 0
0
0 5
0 0
540 0
0
0 5
0 0
630 0
0
0 5
0 0
720 0
0
0 5
0 0
810 0
0
0 5
0 0
900 0
0
0 5
0 0
990 0
0
0 5
0 0
1080 0
0
0 5
0 0
1170 0
0
0 5
0 0
1260 0
0
0 5
0 0
1350 0
0
0 5
0 0
1440 0
0
0 5
0 0
0 630
4
18
0
0
0 0
16
0 0
0
0 0 90 90
90 0
0
0 0 90 90
180 0
0
0 0 90 90
270 0
0
0 0 90 90
360 0
0
270 0 90 90
450 0
0
270 0 90 90
540 0
0
0 0 90 90
630 0
0
0 0 90 90
720 0
0
0 0 90 90
810 0
0
0 0 90 90
900 0
0
270 0 90 90
990 0
0
180 0 90 90
1080 0
0
0 0 90 90
1170 0
0
90 0 90 90
1260 0
0
90 0 90 90
1350 0
0
90 0 90 90
0 0
0
0 0
0
0 0
18
-90 0
0
0 5
0 0
0 0
0
0 5
0 0
90 0
0
0 5
0 0
180 0
0
0 5
0 0
270 0
0
0 5
0 0
360 0
0
0 5
0 0
450 0
0
0 5
0 0
540 0
0
0 5
0 0
630 0
0
0 5
0 0
720 0
0
0 5
0 0
810 0
0
0 5
0 0
900 0
0
0 5
0 0
990 0
0
0 5
0 0
1080 0
0
0 5
0 0
1170 0
0
0 5
0 0
1260 0
0
0 5
0 0
1350 0
0
0 5
0 0
1440 0
0
0 5
0 0
0 540
4
18
0
0
0 0
16
0 0
0
90 0 90 90
90 0
0
0 0 90 90
180 0
0
0 0 90 90
270 0
0
90 0 90 90
360 0
0
0 0 90 90
450 0
0
360 0 90 90
540 0
0
0 0 90 90
630 0
0
0 0 90 90
720 0
0
0 0 90 90
810 0
0
360 0 90 90
900 0
0
0 0 90 90
990 0
0
270 0 90 90
1080 0
0
0 0 90 90
1170 0
0
0 0 90 90
1260 0
0
270 0 90 90
1350 0
0
0 0 90 90
0 0
0
0 0
0
0 0
18
-90 0
0
0 5
0 0
0 0
0
0 5
0 0
90 0
0
0 5
0 0
180 0
0
0 5
0 0
270 0
0
0 5
0 0
360 0
0
0 5
0 0
450 0
0
0 5
0 0
540 0
0
0 5
0 0
630 0
0
0 5
0 0
720 0
0
0 5
0 0
810 0
0
0 5
0 0
900 0
0
0 5
0 0
990 0
0
0 5
0 0
1080 0
0
0 5
0 0
1170 0
0
0 5
0 0
1260 0
0
0 5
0 0
1350 0
0
0 5
0 0
1440 0
0
0 5
0 0
0 450
8
18
4
25 25 24 24
0
0 0
16
0 0
0
0 0 90 90
90 0
0
0 0 90 90
180 0
0
0 0 90 90
270 0
0
0 0 90 90
360 0
0
0 0 90 90
450 0
0
0 0 90 90
540 0
0
180 0 90 90
630 0
0
360 0 90 90
720 0
0
0 0 90 90
810 0
0
0 0 90 90
900 0
0
0 0 90 90
990 0
0
0 0 90 90
1080 0
0
270 0 90 90
1170 0
0
270 0 90 90
1260 0
0
270 0 90 90
1350 0
0
0 0 90 90
0 0
0
0 0
0
0 0
18
-90 0
0
0 5
0 0
0 0
0
0 5
0 0
90 0
0
0 5
0 0
180 0
0
0 5
0 0
270 0
0
0 5
0 0
360 0
0
0 5
0 0
450 0
0
0 5
0 0
540 0
0
0 5
0 0
630 0
0
0 5
0 0
720 0
0
0 5
0 0
810 0
0
0 5
0 0
900 0
0
0 5
0 0
990 0
0
0 5
0 0
1080 0
0
0 5
0 0
1170 0
0
0 5
0 0
1260 0
0
0 5
0 0
1350 0
0
0 5
0 0
1440 0
0
0 5
0 0
90 0
0
90 0 90 90
0 0
10 10 70 70
270 0
0
90 0 90 90
0 0
10 10 70 70
375 15
0
0 0 60 60
0 0
10 10 40 45
1185 15
0
0 0 60 60
0 0
10 10 40 45
0 360
4
18
14 2
2
324.685 0
1 9
0 0
16
0 0
0
0 0 90 90
90 0
0
0 0 90 90
180 0
0
0 0 90 90
270 0
0
0 0 90 90
360 0
0
0 0 90 90
450 0
0
0 0 90 90
540 0
0
0 0 90 90
630 0
0
0 0 90 90
720 0
0
0 0 90 90
810 0
0
0 0 90 90
900 0
0
0 0 90 90
990 0
0
0 0 90 90
1080 0
0
0 0 90 90
1170 0
0
0 0 90 90
1260 0
0
0 0 90 90
1350 0
0
0 0 90 90
0 0
2
26.2614 0
0
250 0 -250 90
324.685 0
10 10 230 70
2
636.259 0
0
250 0 -250 90
324.685 0
10 10 230 70
2
0 0
1
90 0
0
70 0 35 90
2 1.58221
0 0
18
-90 0
0
0 5
0 0
0 0
0
0 5
0 0
90 0
0
0 5
0 0
180 0
0
0 5
0 0
270 0
0
0 5
0 0
360 0
0
0 5
0 0
450 0
0
0 5
0 0
540 0
0
0 5
0 0
630 0
0
0 5
0 0
720 0
0
0 5
0 0
810 0
0
0 5
0 0
900 0
0
0 5
0 0
990 0
0
0 5
0 0
1080 0
0
0 5
0 0
1170 0
0
0 5
0 0
1260 0
0
0 5
0 0
1350 0
0
0 5
0 0
1440 0
0
0 5
0 0
0 270
4
24
3
277.674 0
4
28 29 27 28
5
5 3 2 2 4
0 0
16
0 0
0
0 0 90 90
90 0
0
0 0 90 90
180 0
0
0 0 90 90
270 0
0
0 0 90 90
360 0
0
0 0 90 90
450 0
0
0 0 90 90
540 0
0
180 0 90 90
630 0
0
0 0 90 90
720 0
0
0 0 90 90
810 0
0
0 0 90 90
900 0
0
0 0 90 90
990 0
0
0 0 90 90
1080 0
0
0 0 90 90
1170 0
0
0 0 90 90
1260 0
0
0 0 90 90
1350 0
0
0 0 90 90
0 0
4
1249.36 0
0
90 0 180 90
277.674 0
3
889.356 0
0
0 0 90 90
277.674 0
3
439.355 0
0
270 0 270 90
277.674 0
3
79.3557 0
0
90 0 180 90
277.674 0
3
0 0
0
0 0
24
1789.35 0
0
1 3
277.674 0
1699.35 0
0
1 3
277.674 0
1609.35 0
0
1 3
277.674 0
1519.35 0
0
1 3
277.674 0
1429.35 0
0
1 3
277.674 0
1249.36 0
0
0 3
277.674 0
1339.35 0
0
0 3
277.674 0
1159.36 0
0
1 3
277.674 0
1069.36 0
0
1 3
277.674 0
979.357 0
0
1 3
277.674 0
889.356 0
0
0 3
277.674 0
799.356 0
0
1 3
277.674 0
709.355 0
0
1 3
277.674 0
439.355 0
0
0 3
277.674 0
529.354 0
0
0 3
277.674 0
619.355 0
0
0 3
277.674 0
349.355 0
0
1 3
277.674 0
259.355 0
0
1 3
277.674 0
79.3557 0
0
0 3
277.674 0
169.355 0
0
0 3
277.674 0
-10.6442 0
0
1 3
277.674 0
-100.645 0
0
1 3
277.674 0
-190.646 0
0
1 3
277.674 0
-280.645 0
0
1 3
277.674 0
0 180
4
18
18 3
2
301 0
1 8
0 0
16
0 0
0
0 0 90 90
90 0
0
0 0 90 90
180 0
0
0 0 90 90
270 0
0
0 0 90 90
360 0
0
0 0 90 90
450 0
0
0 0 90 90
540 0
0
0 0 90 90
630 0
0
0 0 90 90
720 0
0
0 0 90 90
810 0
0
0 0 90 90
900 0
0
0 0 90 90
990 0
0
0 0 90 90
1080 0
0
0 0 90 90
1170 0
0
0 0 90 90
1260 0
0
0 0 90 90
1350 0
0
0 0 90 90
0 0
2
1356.27 5
0
0 0 110 80
301 0
10 10 90 60
3
616.263 5
0
0 0 110 80
301 0
10 10 90 60
3
0 0
1
90 0
0
70 0 35 90
2 1.58221
0 0
18
-90 0
0
0 5
0 0
0 0
0
0 5
0 0
90 0
0
0 5
0 0
180 0
0
0 5
0 0
270 0
0
0 5
0 0
360 0
0
0 5
0 0
450 0
0
0 5
0 0
540 0
0
0 5
0 0
630 0
0
0 5
0 0
720 0
0
0 5
0 0
810 0
0
0 5
0 0
900 0
0
0 5
0 0
990 0
0
0 5
0 0
1080 0
0
0 5
0 0
1170 0
0
0 5
0 0
1260 0
0
0 5
0 0
1350 0
0
0 5
0 0
1440 0
0
0 5
0 0
0 90
4
18
2
2830.2 0
6.1654
0
0 0
16
0 0
0
0 0 90 90
90 0
0
0 0 90 90
180 0
0
0 0 90 90
270 0
0
0 0 90 90
360 0
0
0 0 90 90
450 0
0
0 0 90 90
540 0
0
0 0 90 90
630 0
0
0 0 90 90
720 0
0
0 0 90 90
810 0
0
0 0 90 90
900 0
0
0 0 90 90
990 0
0
0 0 90 90
1080 0
0
0 0 90 90
1170 0
0
0 0 90 90
1260 0
0
0 0 90 90
1350 0
0
0 0 90 90
0 0
0
0 0
1
694 0
0
52 0 52 90
0 0
18
-90 0
0
0 5
0 0
0 0
0
0 5
0 0
90 0
0
0 5
0 0
180 0
0
0 5
0 0
270 0
0
0 5
0 0
360 0
0
0 5
0 0
450 0
0
0 5
0 0
540 0
0
0 5
0 0
630 0
0
0 5
0 0
720 0
0
0 5
0 0
810 0
0
0 5
0 0
900 0
0
0 5
0 0
990 0
0
0 5
0 0
1080 0
0
0 5
0 0
1170 0
0
0 5
0 0
1260 0
0
0 5
0 0
1350 0
0
0 5
0 0
1440 0
0
0 5
0 0
0 0
4
21
3
257.911 0
4
28 29 28 29
5
5 4 1 4 1
0 0
16
0 0
0
0 0 90 90
90 0
0
0 0 90 90
180 0
0
0 0 90 90
270 0
0
0 0 90 90
360 0
0
0 0 90 90
450 0
0
0 0 90 90
540 0
0
180 0 90 90
630 0
0
0 0 90 90
720 0
0
0 0 90 90
810 0
0
0 0 90 90
900 0
0
0 0 90 90
990 0
0
0 0 90 90
1080 0
0
0 0 90 90
1170 0
0
0 0 90 90
1260 0
0
0 0 90 90
1350 0
0
0 0 90 90
0 0
4
1218.08 0
0
90 0 180 90
257.911 0
3
768.084 0
0
0 0 90 90
257.911 0
3
498.086 0
0
90 0 180 90
257.911 0
3
48.0852 0
0
0 0 90 90
257.911 0
3
0 0
0
0 0
21
1758.08 0
0
1 3
257.911 0
1668.08 0
0
1 3
257.911 0
1578.08 0
0
1 3
257.911 0
1488.08 0
0
1 3
257.911 0
1398.08 0
0
1 3
257.911 0
1218.08 0
0
0 3
257.911 0
1308.08 0
0
0 3
257.911 0
1128.08 0
0
1 3
257.911 0
1038.08 0
0
1 3
257.911 0
948.083 0
0
1 3
257.911 0
858.083 0
0
1 3
257.911 0
768.084 0
0
0 3
257.911 0
678.084 0
0
1 3
257.911 0
498.086 0
0
0 3
257.911 0
588.085 0
0
0 3
257.911 0
408.086 0
0
1 3
257.911 0
318.085 0
0
1 3
257.911 0
228.085 0
0
1 3
257.911 0
138.085 0
0
1 3
257.911 0
48.0852 0
0
0 3
257.911 0
-41.9148 0
0
1 3
257.911 0
0 -90
4
18
14 2
3
116.307 0
0 10
0 0
16
0 0
0
0 0 90 90
90 0
0
0 0 90 90
180 0
0
0 0 90 90
270 0
0
0 0 90 90
360 0
0
0 0 90 90
450 0
0
0 0 90 90
540 0
0
0 0 90 90
630 0
0
0 0 90 90
720 0
0
0 0 90 90
810 0
0
0 0 90 90
900 0
0
0 0 90 90
990 0
0
0 0 90 90
1080 0
0
0 0 90 90
1170 0
0
0 0 90 90
1260 0
0
0 0 90 90
1350 0
0
0 0 90 90
0 0
3
-250 0
0
250 0 -250 90
0 0
10 10 230 70
2
718.042 0
0
250 0 -250 90
0 0
10 10 230 70
2
1238.04 0
0
250 0 -250 90
0 0
10 10 230 70
2
0 0
1
90 0
0
0 0 35 90
0 1.58221
0 0
18
-90 0
0
0 5
0 0
0 0
0
0 5
0 0
90 0
0
0 5
0 0
180 0
0
0 5
0 0
270 0
0
0 5
0 0
360 0
0
0 5
0 0
450 0
0
0 5
0 0
540 0
0
0 5
0 0
630 0
0
0 5
0 0
720 0
0
0 5
0 0
810 0
0
0 5
0 0
900 0
0
0 5
0 0
990 0
0
0 5
0 0
1080 0
0
0 5
0 0
1170 0
0
0 5
0 0
1260 0
0
0 5
0 0
1350 0
0
0 5
0 0
1440 0
0
0 5
0 0
1 1.01 7
